IC_A(r=1.0) = 1.559033989906311e-05
IC_A(r=1.0) = 0.9917086958885193
Loss = 0.004363810643553734