IC_A(r=1.0) = 1.3928860425949097e-05
IC_A(r=1.0) = 0.9921026825904846
Loss = 0.004032992757856846