IC_A(r=1.0) = 1.3167504221200943e-05
IC_A(r=1.0) = 0.9885494709014893
Loss = 0.005312034860253334