IC_A(r=1.0) = 0.003146728500723839
IC_A(r=1.0) = 0.9676505327224731
Loss = 0.09172230958938599