IC_A(r=1.0) = 6.511807441711426e-06
IC_A(r=1.0) = 0.9883949756622314
Loss = 0.005138710606843233