IC_A(r=1.0) = 1.7471611499786377e-05
IC_A(r=1.0) = 0.9881590604782104
Loss = 0.005450094118714333